generated from cubric
000000001 1.093750000 1.640625000 0.500000000 0.500000000 0.000000000 0.000000000 0.247187736 0.968967607 -0.000000010 0.000000051 0.725043972 -0.184961791 -0.663400614 -0.000000010 -0.642813707 0.163984489 -0.748264409 8.041826658
000000002 1.093750000 1.640625000 0.500000000 0.500000000 0.000000000 0.000000000 0.242040995 0.970266024 -0.000000002 -0.000000003 0.729573605 -0.181998255 -0.659241223 -0.000000016 -0.639639361 0.159563400 -0.751931519 8.078028640
000000003 1.093750000 1.640625000 0.500000000 0.500000000 0.000000000 0.000000000 0.236868996 0.971541599 0.000000024 0.000000008 0.734032550 -0.178962525 -0.655109633 0.000000257 -0.636466256 0.155175179 -0.755533831 8.114575509
000000004 1.093750000 1.640625000 0.500000000 0.500000000 0.000000000 0.000000000 0.231672054 0.972793945 -0.000000020 0.000000043 0.738420793 -0.175855818 -0.651006501 -0.000000060 -0.633295186 0.150819999 -0.759072155 8.151462497
000000005 1.093750000 1.640625000 0.500000000 0.500000000 0.000000000 0.000000000 0.226450348 0.974022710 0.000000011 -0.000000228 0.742738399 -0.172679096 -0.646932454 0.000000063 -0.630126900 0.146498088 -0.762547310 8.188685723
000000006 1.093750000 1.640625000 0.500000000 0.500000000 0.000000000 0.000000000 0.221204201 0.975227513 0.000000021 -0.000000073 0.746985486 -0.169433606 -0.642887966 0.000000187 -0.626962028 0.142209534 -0.765960223 8.226239005
000000007 1.093750000 1.640625000 0.500000000 0.500000000 0.000000000 0.000000000 0.215933914 0.976407981 0.000000030 0.000000034 0.751162130 -0.166120478 -0.638873572 0.000000044 -0.623801249 0.137954493 -0.769311744 8.264118781
000000008 1.093750000 1.640625000 0.500000000 0.500000000 0.000000000 0.000000000 0.210639864 0.977563731 -0.000000011 0.000000075 0.755268351 -0.162740929 -0.634889839 -0.000000069 -0.620645281 0.133733101 -0.772602674 8.302321575
000000009 1.093750000 1.640625000 0.500000000 0.500000000 0.000000000 0.000000000 0.205322299 0.978694413 0.000000012 0.000000000 0.759304340 -0.159296000 -0.630937163 -0.000000060 -0.617494674 0.129545478 -0.775833936 8.340841023
000000010 1.093750000 1.640625000 0.500000000 0.500000000 0.000000000 0.000000000 0.199981586 0.979799656 -0.000000015 0.000000028 0.763270169 -0.155786938 -0.627016012 -0.000000098 -0.614350075 0.125391645 -0.779006368 8.379674371
000000011 1.093750000 1.640625000 0.500000000 0.500000000 0.000000000 0.000000000 0.194617978 0.980879117 -0.000000005 0.000000031 0.767165968 -0.152214774 -0.623126825 -0.000000094 -0.611212090 0.121271679 -0.782120809 8.418816233
000000012 1.093750000 1.640625000 0.500000000 0.500000000 0.000000000 0.000000000 0.189231903 0.981932425 0.000000011 0.000000179 0.770991913 -0.148580754 -0.619269916 -0.000000171 -0.608081209 0.117185633 -0.785178178 8.458262437
000000013 1.093750000 1.640625000 0.500000000 0.500000000 0.000000000 0.000000000 0.183823744 0.982959221 0.000000008 0.000000059 0.774748108 -0.144886065 -0.615445690 0.000000052 -0.604958015 0.113133537 -0.788179296 8.498010045
000000014 1.093750000 1.640625000 0.500000000 0.500000000 0.000000000 0.000000000 0.178393793 0.983959173 0.000000025 -0.000000072 0.778434699 -0.141131773 -0.611654512 0.000000145 -0.601843064 0.109115387 -0.791124995 8.538053070
000000015 1.093750000 1.640625000 0.500000000 0.500000000 0.000000000 0.000000000 0.172942520 0.984931919 -0.000000030 0.000000005 0.782051870 -0.137319176 -0.607896633 0.000000067 -0.598736801 0.105131152 -0.794016173 8.578388127
000000016 1.093750000 1.640625000 0.500000000 0.500000000 0.000000000 0.000000000 0.167470159 0.985877145 0.000000002 -0.000000136 0.785599859 -0.133449215 -0.604172301 -0.000000238 -0.595639663 0.101180833 -0.796853707 8.619011478
000000017 1.093750000 1.640625000 0.500000000 0.500000000 0.000000000 0.000000000 0.161977229 0.986794496 -0.000000006 -0.000000007 0.789078712 -0.129523206 -0.600481911 0.000000091 -0.592552246 0.097264391 -0.799638340 8.659918343
000000018 1.093750000 1.640625000 0.500000000 0.500000000 0.000000000 0.000000000 0.156464087 0.987683648 0.000000007 0.000000006 0.792488748 -0.125542247 -0.596825543 0.000000062 -0.589474829 0.093381769 -0.802371031 8.701104784
000000019 1.093750000 1.640625000 0.500000000 0.500000000 0.000000000 0.000000000 0.150931114 0.988544283 0.000000018 0.000000200 0.795830100 -0.121507468 -0.593203496 -0.000000157 -0.586407922 0.089532879 -0.805052553 8.742567424
000000020 1.093750000 1.640625000 0.500000000 0.500000000 0.000000000 0.000000000 0.145378948 0.989376046 -0.000000002 -0.000000211 0.799102946 -0.117420214 -0.589615955 0.000000007 -0.583351903 0.085717746 -0.807683741 8.784302461
000000021 1.093750000 1.640625000 0.500000000 0.500000000 0.000000000 0.000000000 0.139807644 0.990178682 0.000000002 0.000000246 0.802307547 -0.113281298 -0.586063091 0.000000007 -0.580307179 0.081936102 -0.810265421 8.826305259
000000022 1.093750000 1.640625000 0.500000000 0.500000000 0.000000000 0.000000000 0.134217941 0.990951838 0.000000023 0.000000226 0.805444137 -0.109092123 -0.582544978 -0.000000075 -0.577274014 0.078188007 -0.812798467 8.868572513
000000023 1.093750000 1.640625000 0.500000000 0.500000000 0.000000000 0.000000000 0.128610313 0.991695209 -0.000000003 -0.000000168 0.808512828 -0.104853879 -0.579061889 0.000000014 -0.574252901 0.074473329 -0.815283588 8.911100230
000000024 1.093750000 1.640625000 0.500000000 0.500000000 0.000000000 0.000000000 0.122985008 0.992408529 -0.000000022 -0.000000106 0.811513954 -0.100567518 -0.575613827 0.000000008 -0.571244073 0.070791853 -0.817721666 8.953885202
000000025 1.093750000 1.640625000 0.500000000 0.500000000 0.000000000 0.000000000 0.117342538 0.993091501 -0.000000011 0.000000052 0.814447699 -0.096234200 -0.572200948 0.000000042 -0.568247899 0.067143503 -0.820113453 8.996922990
000000026 1.093750000 1.640625000 0.500000000 0.500000000 0.000000000 0.000000000 0.111683489 0.993743829 0.000000001 -0.000000055 0.817314349 -0.091855180 -0.568823242 -0.000000158 -0.565264587 0.063528165 -0.822459798 9.040210092
000000027 1.093750000 1.640625000 0.500000000 0.500000000 0.000000000 0.000000000 0.106008202 0.994365255 0.000000006 0.000000255 0.820114088 -0.087431470 -0.565480875 0.000000071 -0.562294535 0.059945616 -0.824761408 9.083743874
000000028 1.093750000 1.640625000 0.500000000 0.500000000 0.000000000 0.000000000 0.100317293 0.994955497 0.000000035 0.000000050 0.822847195 -0.082964297 -0.562173833 -0.000000024 -0.559337943 0.056395786 -0.827019093 9.127519753
000000029 1.093750000 1.640625000 0.500000000 0.500000000 0.000000000 0.000000000 0.094611271 0.995514293 0.000000020 0.000000067 0.825513944 -0.078454838 -0.558902108 -0.000000180 -0.556395036 0.052878455 -0.829233642 9.171534397
000000030 1.093750000 1.640625000 0.500000000 0.500000000 0.000000000 0.000000000 0.088890675 0.996041389 -0.000000033 -0.000000084 0.828114545 -0.073904237 -0.555665784 -0.000000098 -0.553466122 0.049393480 -0.831405759 9.215785304
000000031 1.093750000 1.640625000 0.500000000 0.500000000 0.000000000 0.000000000 0.083155736 0.996536564 0.000000008 -0.000000066 0.830649293 -0.069313312 -0.552464856 0.000000090 -0.550551429 0.045940628 -0.833536192 9.260268030
000000032 1.093750000 1.640625000 0.500000000 0.500000000 0.000000000 0.000000000 0.077407212 0.996999560 0.000000001 0.000000213 0.833118488 -0.064683457 -0.549299222 -0.000000044 -0.547651082 0.042519722 -0.835625733 9.304980049
000000033 1.093750000 1.640625000 0.500000000 0.500000000 0.000000000 0.000000000 0.071645766 0.997430140 -0.000000010 -0.000000297 0.835522337 -0.060015876 -0.546168947 0.000000074 -0.544765370 0.039130684 -0.837675045 9.349917280
000000034 1.093750000 1.640625000 0.500000000 0.500000000 0.000000000 0.000000000 0.065871610 0.997828107 0.000000004 -0.000000277 0.837861197 -0.055311394 -0.543073903 0.000000036 -0.541894404 0.035773155 -0.839684903 9.395077279
000000035 1.093750000 1.640625000 0.500000000 0.500000000 0.000000000 0.000000000 0.060085464 0.998193236 -0.000000019 -0.000000106 0.840135313 -0.050571301 -0.540014073 0.000000041 -0.539038396 0.032446981 -0.841655987 9.440456459
000000036 1.093750000 1.640625000 0.500000000 0.500000000 0.000000000 0.000000000 0.054287832 0.998525328 -0.000000004 -0.000000096 0.842344995 -0.045796620 -0.536989366 -0.000000268 -0.536197483 0.029151985 -0.843589012 9.486050613
000000037 1.093750000 1.640625000 0.500000000 0.500000000 0.000000000 0.000000000 0.048479275 0.998824189 -0.000000008 0.000000076 0.844490502 -0.040988486 -0.533999754 -0.000000054 -0.533371871 0.025887915 -0.845484632 9.531858761
000000038 1.093750000 1.640625000 0.500000000 0.500000000 0.000000000 0.000000000 0.042660379 0.999089632 -0.000000001 0.000000127 0.846572168 -0.036147998 -0.531045089 -0.000000044 -0.530561642 0.022654584 -0.847343563 9.577876790
000000039 1.093750000 1.640625000 0.500000000 0.500000000 0.000000000 0.000000000 0.036831723 0.999321482 0.000000001 0.000000129 0.848590286 -0.031276264 -0.528125290 -0.000000098 -0.527766947 0.019451765 -0.849166461 9.624100626
000000040 1.093750000 1.640625000 0.500000000 0.500000000 0.000000000 0.000000000 0.030993899 0.999519574 0.000000002 -0.000000114 0.850545162 -0.026374381 -0.525240249 0.000000068 -0.524987909 0.016279245 -0.850953983 9.670529426
000000041 1.093750000 1.640625000 0.500000000 0.500000000 0.000000000 0.000000000 0.025147329 0.999683756 0.000000010 0.000000152 0.852437132 -0.021443294 -0.522389817 0.000000063 -0.522224614 0.013136717 -0.852706795 9.717159205
000000042 1.093750000 1.640625000 0.500000000 0.500000000 0.000000000 0.000000000 0.019292780 0.999813877 -0.000000000 0.000000160 0.854266494 -0.016484244 -0.519573890 0.000000209 -0.519477186 0.010024025 -0.854425522 9.763987084
000000043 1.093750000 1.640625000 0.500000000 0.500000000 0.000000000 0.000000000 0.013430780 0.999909803 0.000000015 -0.000000041 0.856033590 -0.011498228 -0.516792303 0.000000154 -0.516745689 0.006940936 -0.856110808 9.811009165
000000044 1.093750000 1.640625000 0.500000000 0.500000000 0.000000000 0.000000000 0.007561918 0.999971408 -0.000000008 -0.000000021 0.857738753 -0.006486339 -0.514044900 0.000000039 -0.514030203 0.003887159 -0.857763278 9.858224778
000000045 1.093750000 1.640625000 0.500000000 0.500000000 0.000000000 0.000000000 0.001686741 0.999998577 0.000000011 -0.000000134 0.859382308 -0.001449552 -0.511331544 -0.000000012 -0.511330816 0.000862494 -0.859383530 9.905630108
000000046 1.093750000 1.640625000 0.500000000 0.500000000 0.000000000 0.000000000 -0.004194152 0.999991205 0.000000005 0.000000103 0.860964576 0.003611050 -0.508652101 -0.000000079 -0.508647627 -0.002133360 -0.860972148 9.953221623
000000047 1.093750000 1.640625000 0.500000000 0.500000000 0.000000000 0.000000000 -0.010080046 0.999949195 0.000000003 -0.000000023 0.862485957 0.008694341 -0.506006307 -0.000000235 -0.505980600 -0.005100564 -0.862529777 10.000998295
000000048 1.093750000 1.640625000 0.500000000 0.500000000 0.000000000 0.000000000 -0.015970489 0.999872464 0.000000020 0.000000048 0.863946775 0.013799422 -0.503394026 -0.000000053 -0.503329825 -0.008039431 -0.864056974 10.048956434
000000049 1.093750000 1.640625000 0.500000000 0.500000000 0.000000000 0.000000000 -0.021864694 0.999760939 0.000000001 -0.000000052 0.865347361 0.018925080 -0.500815122 0.000000269 -0.500695397 -0.010950168 -0.865554281 10.097093933
000000050 1.093750000 1.640625000 0.500000000 0.500000000 0.000000000 0.000000000 -0.027762273 0.999614554 0.000000017 0.000000177 0.866688100 0.024070518 -0.498269352 0.000000085 -0.498077296 -0.013833075 -0.867022291 10.145407174
000000051 1.093750000 1.640625000 0.500000000 0.500000000 0.000000000 0.000000000 -0.033662352 0.999433262 -0.000000015 0.000000121 0.867969384 0.029234452 -0.495756488 0.000000020 -0.495475523 -0.016688342 -0.868461574 10.193895299
000000052 1.093750000 1.640625000 0.500000000 0.500000000 0.000000000 0.000000000 -0.039564527 0.999217018 0.000000013 -0.000000067 0.869191567 0.034416107 -0.493276344 -0.000000164 -0.492890118 -0.019516234 -0.869872662 10.242555010
000000053 1.093750000 1.640625000 0.500000000 0.500000000 0.000000000 0.000000000 -0.045468021 0.998965795 -0.000000024 -0.000000126 0.870355009 0.039614277 -0.490828755 0.000000017 -0.490321137 -0.022317033 -0.871256066 10.291382809
000000054 1.093750000 1.640625000 0.500000000 0.500000000 0.000000000 0.000000000 -0.051372498 0.998679561 0.000000016 0.000000166 0.871460110 0.044828283 -0.488413454 0.000000067 -0.487768535 -0.025091005 -0.872612341 10.340378428
000000055 1.093750000 1.640625000 0.500000000 0.500000000 0.000000000 0.000000000 -0.057277000 0.998358325 0.000000001 0.000000231 0.872507270 0.050056776 -0.486030229 0.000000038 -0.485232325 -0.027838352 -0.873941999 10.389538444
000000056 1.093750000 1.640625000 0.500000000 0.500000000 0.000000000 0.000000000 -0.063180954 0.998002088 -0.000000013 -0.000000171 0.873496850 0.055298840 -0.483678913 0.000000184 -0.482712564 -0.030559307 -0.875245514 10.438859700
000000057 1.093750000 1.640625000 0.500000000 0.500000000 0.000000000 0.000000000 -0.069083969 0.997610849 -0.000000021 0.000000028 0.874429324 0.060553710 -0.481359123 -0.000000003 -0.480209082 -0.033254217 -0.876523471 10.488341349
000000058 1.093750000 1.640625000 0.500000000 0.500000000 0.000000000 0.000000000 -0.074985305 0.997184639 -0.000000012 0.000000190 0.875305011 0.065820316 -0.479070792 0.000000178 -0.477722034 -0.035923280 -0.877776268 10.537980764
000000059 1.093750000 1.640625000 0.500000000 0.500000000 0.000000000 0.000000000 -0.080884304 0.996723497 0.000000015 0.000000081 0.876124371 0.071097669 -0.476813599 0.000000141 -0.475251319 -0.038566723 -0.879004432 10.587775501
000000060 1.093750000 1.640625000 0.500000000 0.500000000 0.000000000 0.000000000 -0.086780241 0.996227479 0.000000001 -0.000000278 0.876887808 0.076384698 -0.474587347 -0.000000033 -0.472796956 -0.041184804 -0.880208413 10.637722538
