/home/yunkang/objaverse-xl/data/objaverse-animation-HQ_render_results/0a0b504f51a94d95a2d492d3c372ebe5/random_3/Armature|idle_anim_COLMAP_camera.txt
00000073 1.000000000 1.750000000 0.500000000 0.500000000 0.000000000 0.000000000 -0.407864630 0.913042486 0.000000030 0.045499761 0.428420603 0.191379547 -0.883079708 -0.268368244 -0.806289256 -0.360176921 -0.469223052 3.363998175
00000074 1.000000000 1.750000000 0.500000000 0.500000000 0.000000000 0.000000000 -0.407874405 0.913038075 -0.000000023 0.045499478 0.434526712 0.194112718 -0.879492402 -0.267129481 -0.803010046 -0.358722389 -0.475912988 3.357541084
00000075 1.000000000 1.750000000 0.500000000 0.500000000 0.000000000 0.000000000 -0.407884359 0.913033545 0.000000012 0.045499306 0.440622568 0.196841672 -0.875845313 -0.265872240 -0.799676180 -0.357243627 -0.482591897 3.351291895
00000076 1.000000000 1.750000000 0.500000000 0.500000000 0.000000000 0.000000000 -0.407894343 0.913029075 0.000000058 0.045498766 0.446707040 0.199565724 -0.872138917 -0.264596581 -0.796288252 -0.355740547 -0.489258289 3.345252037
00000077 1.000000000 1.750000000 0.500000000 0.500000000 0.000000000 0.000000000 -0.407904655 0.913024545 0.000000029 0.045498926 0.452778935 0.202284455 -0.868373334 -0.263302505 -0.792846143 -0.354213506 -0.495911032 3.339421749
00000078 1.000000000 1.750000000 0.500000000 0.500000000 0.000000000 0.000000000 -0.407914758 0.913020074 -0.000000008 0.045498263 0.458837092 0.204997063 -0.864548922 -0.261990160 -0.789350450 -0.352662235 -0.502548754 3.333803415
00000079 1.000000000 1.750000000 0.500000000 0.500000000 0.000000000 0.000000000 -0.407925278 0.913015366 -0.000000004 0.045498498 0.464880288 0.207703441 -0.860665858 -0.260660142 -0.785801113 -0.351087302 -0.509170234 3.328397036
00000080 1.000000000 1.750000000 0.500000000 0.500000000 0.000000000 0.000000000 -0.407935888 0.913010716 -0.000000050 0.045498565 0.470907271 0.210402757 -0.856724679 -0.259312034 -0.782198727 -0.349488676 -0.515774012 3.323204041
00000081 1.000000000 1.750000000 0.500000000 0.500000000 0.000000000 0.000000000 -0.407946348 0.913005948 -0.000000038 0.045497950 0.476916820 0.213094383 -0.852725744 -0.257945776 -0.778543651 -0.347866327 -0.522358894 3.318225145
00000082 1.000000000 1.750000000 0.500000000 0.500000000 0.000000000 0.000000000 -0.407957077 0.913001180 -0.000000049 0.045497730 0.482907921 0.215778127 -0.848669469 -0.256562203 -0.774836183 -0.346220702 -0.528923631 3.313461781
00000083 1.000000000 1.750000000 0.500000000 0.500000000 0.000000000 0.000000000 -0.407967955 0.912996292 -0.000000008 0.045497429 0.488879293 0.218453333 -0.844556212 -0.255161494 -0.771076679 -0.344551831 -0.535466909 3.308913946
00000084 1.000000000 1.750000000 0.500000000 0.500000000 0.000000000 0.000000000 -0.407979161 0.912991464 -0.000000029 0.045497701 0.494829834 0.221119583 -0.840386808 -0.253743529 -0.767265856 -0.342860132 -0.541987240 3.304583788
00000085 1.000000000 1.750000000 0.500000000 0.500000000 0.000000000 0.000000000 -0.407990187 0.912986279 0.000000079 0.045497291 0.500758052 0.223775998 -0.836161256 -0.252308100 -0.763403773 -0.341145575 -0.548483670 3.300470591
00000086 1.000000000 1.750000000 0.500000000 0.500000000 0.000000000 0.000000000 -0.408001721 0.912981451 0.000000046 0.045497701 0.506663144 0.226422504 -0.831880867 -0.250855923 -0.759491622 -0.339408576 -0.554954410 3.296576500
00000087 1.000000000 1.750000000 0.500000000 0.500000000 0.000000000 0.000000000 -0.408012986 0.912976444 -0.000000057 0.045497272 0.512543797 0.229058012 -0.827545643 -0.249386400 -0.755529463 -0.337649167 -0.561398625 3.292901754
00000088 1.000000000 1.750000000 0.500000000 0.500000000 0.000000000 0.000000000 -0.408024222 0.912971139 -0.000000014 0.045496605 0.518398821 0.231682330 -0.823156118 -0.247901142 -0.751517773 -0.335867614 -0.567815125 3.289446592
00000089 1.000000000 1.750000000 0.500000000 0.500000000 0.000000000 0.000000000 -0.408035964 0.912965953 0.000000030 0.045496531 0.524227321 0.234295309 -0.818713367 -0.246400058 -0.747457385 -0.334064394 -0.574202478 3.286212206
00000090 1.000000000 1.750000000 0.500000000 0.500000000 0.000000000 0.000000000 -0.408047706 0.912960649 0.000000014 0.045496318 0.530027866 0.236895934 -0.814217925 -0.244882435 -0.743348897 -0.332239717 -0.580559373 3.283198833
00000091 1.000000000 1.750000000 0.500000000 0.500000000 0.000000000 0.000000000 -0.408059537 0.912955344 0.000000000 0.045495987 0.535799444 0.239483878 -0.809670568 -0.243349016 -0.739193082 -0.330393791 -0.586884618 3.280407667
00000092 1.000000000 1.750000000 0.500000000 0.500000000 0.000000000 0.000000000 -0.408071667 0.912949979 0.000000013 0.045495667 0.541541100 0.242058828 -0.805071950 -0.241800368 -0.734990358 -0.328527004 -0.593177199 3.277838469
00000093 1.000000000 1.750000000 0.500000000 0.500000000 0.000000000 0.000000000 -0.408083797 0.912944674 -0.000000074 0.045495521 0.547251642 0.244619995 -0.800422966 -0.240236372 -0.730741799 -0.326639563 -0.599435687 3.275492430
00000094 1.000000000 1.750000000 0.500000000 0.500000000 0.000000000 0.000000000 -0.408096135 0.912939131 -0.000000085 0.045495186 0.552929878 0.247167110 -0.795724332 -0.238657236 -0.726447761 -0.324731946 -0.605659068 3.273369551
00000095 1.000000000 1.750000000 0.500000000 0.500000000 0.000000000 0.000000000 -0.408108503 0.912933469 -0.000000056 0.045494717 0.558574915 0.249699607 -0.790976763 -0.237063736 -0.722109079 -0.322804362 -0.611846209 3.271469831
00000096 1.000000000 1.750000000 0.500000000 0.500000000 0.000000000 0.000000000 -0.408121675 0.912927926 0.000000090 0.045495462 0.564185679 0.252217680 -0.786181509 -0.235456228 -0.717726886 -0.320857376 -0.617995858 3.269795179
00000097 1.000000000 1.750000000 0.500000000 0.500000000 0.000000000 0.000000000 -0.408134013 0.912922025 0.000000009 0.045494422 0.569761157 0.254719347 -0.781338811 -0.233834207 -0.713301361 -0.318890929 -0.624107122 3.268343449
00000098 1.000000000 1.750000000 0.500000000 0.500000000 0.000000000 0.000000000 -0.408146948 0.912916303 -0.000000001 0.045494083 0.575300217 0.257205456 -0.776450276 -0.232198328 -0.708834112 -0.316905767 -0.630178511 3.267117262
00000099 1.000000000 1.750000000 0.500000000 0.500000000 0.000000000 0.000000000 -0.408160061 0.912910402 -0.000000023 0.045493886 0.580802143 0.259675235 -0.771516502 -0.230549037 -0.704325438 -0.314902216 -0.636209309 3.266115665
00000100 1.000000000 1.750000000 0.500000000 0.500000000 0.000000000 0.000000000 -0.408173412 0.912904501 0.000000004 0.045493834 0.586265802 0.262128353 -0.766538501 -0.228886545 -0.699776411 -0.312880576 -0.642198384 3.265338898
00000101 1.000000000 1.750000000 0.500000000 0.500000000 0.000000000 0.000000000 -0.408186823 0.912898540 -0.000000048 0.045493636 0.591690361 0.264564127 -0.761517286 -0.227211326 -0.695187926 -0.310841233 -0.648144662 3.264786959
00000102 1.000000000 1.750000000 0.500000000 0.500000000 0.000000000 0.000000000 -0.408200502 0.912892401 -0.000000029 0.045493480 0.597074807 0.266982436 -0.756453693 -0.225523978 -0.690560758 -0.308784753 -0.654047251 3.264460325
00000103 1.000000000 1.750000000 0.500000000 0.500000000 0.000000000 0.000000000 -0.408214360 0.912886262 0.000000004 0.045493357 0.602418244 0.269382745 -0.751349092 -0.223823845 -0.685896158 -0.306711376 -0.659905016 3.264359236
00000104 1.000000000 1.750000000 0.500000000 0.500000000 0.000000000 0.000000000 -0.408228248 0.912880063 0.000000035 0.045492876 0.607720017 0.271764666 -0.746204078 -0.222112715 -0.681194782 -0.304621488 -0.665717304 3.264482737
00000105 1.000000000 1.750000000 0.500000000 0.500000000 0.000000000 0.000000000 -0.408242345 0.912873626 0.000000055 0.045492597 0.612978876 0.274127752 -0.741020143 -0.220389187 -0.676457763 -0.302515775 -0.671482801 3.264831543
00000106 1.000000000 1.750000000 0.500000000 0.500000000 0.000000000 0.000000000 -0.408256531 0.912867308 -0.000000061 0.045492239 0.618194580 0.276471674 -0.735798180 -0.218654901 -0.671686113 -0.300394416 -0.677200913 3.265405178
00000107 1.000000000 1.750000000 0.500000000 0.500000000 0.000000000 0.000000000 -0.408271015 0.912860811 -0.000000034 0.045491885 0.623365939 0.278796285 -0.730539262 -0.216910124 -0.666880608 -0.298258007 -0.682870746 3.266203403
00000108 1.000000000 1.750000000 0.500000000 0.500000000 0.000000000 0.000000000 -0.408285797 0.912854195 0.000000031 0.045491692 0.628492296 0.281101286 -0.725244522 -0.215154856 -0.662042499 -0.296106964 -0.688491404 3.267226219
00000109 1.000000000 1.750000000 0.500000000 0.500000000 0.000000000 0.000000000 -0.408300787 0.912847579 -0.000000012 0.045491721 0.633572996 0.283386141 -0.719915152 -0.213389784 -0.657172799 -0.293941826 -0.694062114 3.268473864
00000110 1.000000000 1.750000000 0.500000000 0.500000000 0.000000000 0.000000000 -0.408315599 0.912840843 0.000000077 0.045490697 0.638607144 0.285650373 -0.714552164 -0.211614460 -0.652272403 -0.291762769 -0.699582160 3.269945145
00000111 1.000000000 1.750000000 0.500000000 0.500000000 0.000000000 0.000000000 -0.408331037 0.912834048 0.000000037 0.045490783 0.643594384 0.287894189 -0.709156811 -0.209830612 -0.647342443 -0.289570659 -0.705050826 3.271640062
00000112 1.000000000 1.750000000 0.500000000 0.500000000 0.000000000 0.000000000 -0.408346355 0.912827194 0.000000053 0.045490090 0.648533762 0.290116727 -0.703730404 -0.208037227 -0.642384231 -0.287365615 -0.710467160 3.273558617
00000113 1.000000000 1.750000000 0.500000000 0.500000000 0.000000000 0.000000000 -0.408362210 0.912820041 -0.000000011 0.045490351 0.653424740 0.292318285 -0.698273718 -0.206235737 -0.637398243 -0.285148591 -0.715830863 3.275699615
00000114 1.000000000 1.750000000 0.500000000 0.500000000 0.000000000 0.000000000 -0.408378154 0.912812829 0.000000002 0.045490261 0.658266842 0.294498265 -0.692788243 -0.204425961 -0.632386029 -0.282919586 -0.721141040 3.278063059
00000115 1.000000000 1.750000000 0.500000000 0.500000000 0.000000000 0.000000000 -0.408394456 0.912805736 0.000000071 0.045489985 0.663059473 0.296656668 -0.687275231 -0.202608615 -0.627348721 -0.280679226 -0.726397157 3.280648470
00000116 1.000000000 1.750000000 0.500000000 0.500000000 0.000000000 0.000000000 -0.408410579 0.912798405 -0.000000044 0.045489591 0.667802095 0.298792630 -0.681735635 -0.200783759 -0.622287154 -0.278428018 -0.731598675 3.283455372
00000117 1.000000000 1.750000000 0.500000000 0.500000000 0.000000000 0.000000000 -0.408427179 0.912790954 -0.000000022 0.045489244 0.672494173 0.300906688 -0.676170707 -0.198952049 -0.617202461 -0.276166469 -0.736745000 3.286482573
00000118 1.000000000 1.750000000 0.500000000 0.500000000 0.000000000 0.000000000 -0.408443749 0.912783444 0.000000017 0.045488380 0.677135289 0.302998126 -0.670581758 -0.197113574 -0.612095952 -0.273894936 -0.741835654 3.289730310
00000119 1.000000000 1.750000000 0.500000000 0.500000000 0.000000000 0.000000000 -0.408460855 0.912775815 -0.000000054 0.045488421 0.681724966 0.305067152 -0.664970040 -0.195268869 -0.606968582 -0.271614254 -0.746870041 3.293197155
00000120 1.000000000 1.750000000 0.500000000 0.500000000 0.000000000 0.000000000 -0.408478260 0.912768126 0.000000065 0.045488086 0.686262846 0.307113618 -0.659336567 -0.193418980 -0.601821423 -0.269324571 -0.751847923 3.296882629
00000121 1.000000000 1.750000000 0.500000000 0.500000000 0.000000000 0.000000000 -0.408495694 0.912760139 -0.000000022 0.045487814 0.690748334 0.309136748 -0.653682590 -0.191562831 -0.596655428 -0.267026633 -0.756768823 3.300786018
