https://www.youtube.com/watch?v=_-9sIHCScoI
156906756 0.510739934 0.907982045 0.500000000 0.500000000 0.000000000 0.000000000 0.999999583 0.000893586 0.000258007 -0.090244592 -0.000893725 0.999999464 0.000539221 -0.000588013 -0.000257525 -0.000539452 0.999999821 0.033353339
156948456 0.510739934 0.907982045 0.500000000 0.500000000 0.000000000 0.000000000 0.999999702 0.000740224 0.000150209 -0.084607764 -0.000740293 0.999999642 0.000460882 -0.000372032 -0.000149868 -0.000460993 0.999999881 0.031476477
156990167 0.510739934 0.907982045 0.500000000 0.500000000 0.000000000 0.000000000 0.999999821 0.000629499 0.000129790 -0.079512738 -0.000629555 0.999999702 0.000427257 -0.000431432 -0.000129521 -0.000427338 0.999999881 0.029796346
157031878 0.510739934 0.907982045 0.500000000 0.500000000 0.000000000 0.000000000 0.999999762 0.000685339 -0.000027713 -0.074267342 -0.000685327 0.999999642 0.000444750 -0.000844046 0.000028018 -0.000444731 0.999999881 0.027916008
157073589 0.510739934 0.907982045 0.500000000 0.500000000 0.000000000 0.000000000 0.999999881 0.000519761 0.000060906 -0.069348375 -0.000519789 0.999999762 0.000461300 -0.000905311 -0.000060667 -0.000461331 0.999999881 0.026186152
157115289 0.510739934 0.907982045 0.500000000 0.500000000 0.000000000 0.000000000 0.999999940 0.000385160 -0.000061378 -0.063907331 -0.000385137 0.999999881 0.000374506 -0.000712152 0.000061522 -0.000374483 0.999999940 0.024123988
157157000 0.510739934 0.907982045 0.500000000 0.500000000 0.000000000 0.000000000 0.999999940 0.000309782 -0.000087895 -0.058782163 -0.000309750 0.999999881 0.000366602 -0.000798147 0.000088008 -0.000366575 0.999999940 0.022423352
157198711 0.510739934 0.907982045 0.500000000 0.500000000 0.000000000 0.000000000 0.999999940 0.000209194 -0.000194495 -0.053292636 -0.000209123 0.999999940 0.000367070 -0.000943743 0.000194572 -0.000367030 0.999999940 0.020462462
157240422 0.510739934 0.907982045 0.500000000 0.500000000 0.000000000 0.000000000 1.000000000 0.000063579 -0.000191440 -0.048219684 -0.000063525 0.999999940 0.000280900 -0.000935851 0.000191457 -0.000280888 0.999999940 0.018454862
157282122 0.510739934 0.907982045 0.500000000 0.500000000 0.000000000 0.000000000 0.999999940 -0.000027118 -0.000273346 -0.042777594 0.000027172 1.000000000 0.000198182 -0.000629876 0.000273341 -0.000198189 0.999999940 0.016712293
157323833 0.510739934 0.907982045 0.500000000 0.500000000 0.000000000 0.000000000 0.999999940 -0.000160061 -0.000379061 -0.036780689 0.000160142 0.999999940 0.000213755 -0.001079654 0.000379027 -0.000213815 0.999999881 0.014697401
157365544 0.510739934 0.907982045 0.500000000 0.500000000 0.000000000 0.000000000 0.999999881 -0.000297056 -0.000343355 -0.031644049 0.000297097 0.999999940 0.000121319 -0.000737436 0.000343319 -0.000121421 0.999999940 0.012595029
157407256 0.510739934 0.907982045 0.500000000 0.500000000 0.000000000 0.000000000 0.999999821 -0.000401551 -0.000423266 -0.026187349 0.000401602 0.999999940 0.000121042 -0.000850672 0.000423217 -0.000121212 0.999999881 0.010985970
157448956 0.510739934 0.907982045 0.500000000 0.500000000 0.000000000 0.000000000 0.999999702 -0.000542788 -0.000494242 -0.020393635 0.000542815 0.999999881 0.000054417 -0.000713609 0.000494213 -0.000054686 0.999999881 0.008934800
157490667 0.510739934 0.907982045 0.500000000 0.500000000 0.000000000 0.000000000 0.999999642 -0.000648565 -0.000533453 -0.014748397 0.000648548 0.999999762 -0.000031219 -0.000613466 0.000533473 0.000030873 0.999999881 0.006731080
157532378 0.510739934 0.907982045 0.500000000 0.500000000 0.000000000 0.000000000 0.999999583 -0.000729348 -0.000568071 -0.009113794 0.000729341 0.999999762 -0.000012863 -0.000803356 0.000568081 0.000012449 0.999999821 0.004792228
157574089 0.510739934 0.907982045 0.500000000 0.500000000 0.000000000 0.000000000 0.999999464 -0.000850867 -0.000597288 -0.003199375 0.000850845 0.999999642 -0.000037759 -0.000962729 0.000597320 0.000037250 0.999999821 0.002823257
157615789 0.510739934 0.907982045 0.500000000 0.500000000 0.000000000 0.000000000 0.999999285 -0.001012671 -0.000668313 0.002801566 0.001012578 0.999999464 -0.000139272 -0.000568141 0.000668454 0.000138595 0.999999762 0.000658793
157657500 0.510739934 0.907982045 0.500000000 0.500000000 0.000000000 0.000000000 0.999998987 -0.001186851 -0.000749139 0.009352051 0.001186706 0.999999285 -0.000193301 -0.000627369 0.000749368 0.000192412 0.999999702 -0.001537916
157699211 0.510739934 0.907982045 0.500000000 0.500000000 0.000000000 0.000000000 0.999998808 -0.001323810 -0.000790264 0.015264773 0.001323628 0.999999106 -0.000229924 -0.000654170 0.000790567 0.000228878 0.999999642 -0.003776573
157740922 0.510739934 0.907982045 0.500000000 0.500000000 0.000000000 0.000000000 0.999998510 -0.001533443 -0.000822625 0.021553536 0.001533191 0.999998748 -0.000307344 -0.000544483 0.000823095 0.000306082 0.999999642 -0.006009581
157782622 0.510739934 0.907982045 0.500000000 0.500000000 0.000000000 0.000000000 0.999998152 -0.001693081 -0.000905756 0.027754002 0.001692676 0.999998450 -0.000447930 -0.000172453 0.000906513 0.000446396 0.999999464 -0.008056619
157824333 0.510739934 0.907982045 0.500000000 0.500000000 0.000000000 0.000000000 0.999997735 -0.001871505 -0.001021422 0.033806591 0.001871075 0.999998152 -0.000421333 -0.000526575 0.001022209 0.000419421 0.999999404 -0.010289914
157866044 0.510739934 0.907982045 0.500000000 0.500000000 0.000000000 0.000000000 0.999997497 -0.002007064 -0.001004605 0.039635232 0.002006601 0.999997854 -0.000461113 -0.000335955 0.001005528 0.000459096 0.999999404 -0.012276597
157907756 0.510739934 0.907982045 0.500000000 0.500000000 0.000000000 0.000000000 0.999996901 -0.002191900 -0.001185428 0.045584836 0.002191295 0.999997497 -0.000511236 -0.000493518 0.001186545 0.000508637 0.999999166 -0.014171675
157949456 0.510739934 0.907982045 0.500000000 0.500000000 0.000000000 0.000000000 0.999996603 -0.002281057 -0.001243512 0.051446962 0.002280388 0.999997258 -0.000539432 -0.000552735 0.001244739 0.000536594 0.999999106 -0.016404258
157991167 0.510739934 0.907982045 0.500000000 0.500000000 0.000000000 0.000000000 0.999996066 -0.002494732 -0.001270018 0.057225027 0.002494021 0.999996722 -0.000560897 -0.000648514 0.001271413 0.000557727 0.999999046 -0.018500322
158032878 0.510739934 0.907982045 0.500000000 0.500000000 0.000000000 0.000000000 0.999995708 -0.002587440 -0.001357610 0.062898882 0.002586543 0.999996424 -0.000661921 -0.000564579 0.001359318 0.000658406 0.999998868 -0.020248034
158074589 0.510739934 0.907982045 0.500000000 0.500000000 0.000000000 0.000000000 0.999995232 -0.002768349 -0.001376539 0.068428237 0.002767396 0.999995947 -0.000693590 -0.000505935 0.001378453 0.000689777 0.999998808 -0.022228903
158116289 0.510739934 0.907982045 0.500000000 0.500000000 0.000000000 0.000000000 0.999994636 -0.002935563 -0.001436872 0.073827843 0.002934493 0.999995410 -0.000746065 -0.000634471 0.001439056 0.000741844 0.999998689 -0.024079105
158158000 0.510739934 0.907982045 0.500000000 0.500000000 0.000000000 0.000000000 0.999994278 -0.003038300 -0.001493943 0.078854330 0.003037134 0.999995053 -0.000782190 -0.000645915 0.001496312 0.000777648 0.999998569 -0.025981420
158199711 0.510739934 0.907982045 0.500000000 0.500000000 0.000000000 0.000000000 0.999993861 -0.003166974 -0.001509345 0.083745907 0.003165726 0.999994636 -0.000828496 -0.000546522 0.001511961 0.000823713 0.999998510 -0.027697795
158241422 0.510739934 0.907982045 0.500000000 0.500000000 0.000000000 0.000000000 0.999993384 -0.003298154 -0.001522580 0.088504119 0.003296755 0.999994159 -0.000920307 -0.000408194 0.001525606 0.000915281 0.999998391 -0.029414401
158283122 0.510739934 0.907982045 0.500000000 0.500000000 0.000000000 0.000000000 0.999992669 -0.003455208 -0.001656287 0.093461579 0.003453704 0.999993622 -0.000910367 -0.000568020 0.001659422 0.000904640 0.999998212 -0.031048835
158324833 0.510739934 0.907982045 0.500000000 0.500000000 0.000000000 0.000000000 0.999992311 -0.003562527 -0.001638874 0.098146634 0.003561002 0.999993205 -0.000931974 -0.000636998 0.001642183 0.000926131 0.999998212 -0.032809083
158366544 0.510739934 0.907982045 0.500000000 0.500000000 0.000000000 0.000000000 0.999992013 -0.003645799 -0.001649852 0.102769456 0.003644226 0.999992907 -0.000955612 -0.000647697 0.001653324 0.000949592 0.999998212 -0.034471068
158408256 0.510739934 0.907982045 0.500000000 0.500000000 0.000000000 0.000000000 0.999991179 -0.003810043 -0.001753161 0.107644684 0.003808301 0.999992251 -0.000996223 -0.000779958 0.001756943 0.000989538 0.999997973 -0.036196368
158449956 0.510739934 0.907982045 0.500000000 0.500000000 0.000000000 0.000000000 0.999990940 -0.003888092 -0.001716061 0.112378639 0.003886302 0.999991894 -0.001045175 -0.000614922 0.001720111 0.001038496 0.999997973 -0.037848799
158491667 0.510739934 0.907982045 0.500000000 0.500000000 0.000000000 0.000000000 0.999990284 -0.004024479 -0.001814931 0.117158699 0.004022486 0.999991298 -0.001100564 -0.000748361 0.001819344 0.001093253 0.999997735 -0.039271451
158533378 0.510739934 0.907982045 0.500000000 0.500000000 0.000000000 0.000000000 0.999989569 -0.004163933 -0.001868780 0.121883692 0.004161770 0.999990642 -0.001160030 -0.000662032 0.001873593 0.001152240 0.999997556 -0.041310259
158575089 0.510739934 0.907982045 0.500000000 0.500000000 0.000000000 0.000000000 0.999989271 -0.004246395 -0.001836075 0.126440276 0.004244253 0.999990284 -0.001169108 -0.000699755 0.001841021 0.001161303 0.999997616 -0.042763823
158616789 0.510739934 0.907982045 0.500000000 0.500000000 0.000000000 0.000000000 0.999988139 -0.004464700 -0.001942770 0.130971308 0.004462343 0.999989331 -0.001215979 -0.000784494 0.001948179 0.001207296 0.999997377 -0.044352445
158658500 0.510739934 0.907982045 0.500000000 0.500000000 0.000000000 0.000000000 0.999988019 -0.004480181 -0.001980844 0.135401544 0.004477508 0.999989033 -0.001351761 -0.000385490 0.001986879 0.001342876 0.999997139 -0.045882104
158700211 0.510739934 0.907982045 0.500000000 0.500000000 0.000000000 0.000000000 0.999987423 -0.004620008 -0.001946436 0.139696421 0.004617443 0.999988496 -0.001319876 -0.000531886 0.001952511 0.001310872 0.999997258 -0.047489605
158741922 0.510739934 0.907982045 0.500000000 0.500000000 0.000000000 0.000000000 0.999986768 -0.004727232 -0.002037778 0.144104290 0.004724387 0.999987841 -0.001398519 -0.000704370 0.002044365 0.001388873 0.999996960 -0.048970867
158783622 0.510739934 0.907982045 0.500000000 0.500000000 0.000000000 0.000000000 0.999986053 -0.004822573 -0.002147299 0.148508639 0.004819468 0.999987364 -0.001448876 -0.000586774 0.002154260 0.001438507 0.999996662 -0.050539981
158825333 0.510739934 0.907982045 0.500000000 0.500000000 0.000000000 0.000000000 0.999985635 -0.004944953 -0.002079318 0.152471835 0.004941914 0.999986708 -0.001464051 -0.000559662 0.002086530 0.001453754 0.999996781 -0.052044713
158867044 0.510739934 0.907982045 0.500000000 0.500000000 0.000000000 0.000000000 0.999984920 -0.005045286 -0.002167245 0.156658368 0.005042098 0.999986231 -0.001473951 -0.000632915 0.002174652 0.001463001 0.999996543 -0.053279082
158908756 0.510739934 0.907982045 0.500000000 0.500000000 0.000000000 0.000000000 0.999984384 -0.005129294 -0.002228485 0.160702327 0.005125819 0.999985635 -0.001561976 -0.000539234 0.002236465 0.001550529 0.999996305 -0.054736435
